20180709,20180706,21:26:00,72.3900,72.3900,72.3500,72.3800
20180709,20180706,21:27:00,72.3800,72.3900,72.3500,72.3900
20180709,20180706,21:28:00,72.3800,72.4200,72.3600,72.4000
20180709,20180706,21:29:00,72.4000,72.4400,72.3900,72.4000
20180709,20180706,21:30:00,72.3900,72.5500,72.3800,72.5500
20180709,20180706,21:31:00,72.5500,72.6200,72.4900,72.5300
20180709,20180706,21:32:00,72.5200,72.5400,72.4600,72.4800
20180709,20180706,21:33:00,72.4900,72.5500,72.4800,72.5400
20180709,20180706,21:34:00,72.5400,72.5900,72.5100,72.5100
20180709,20180706,21:35:00,72.5100,72.5900,72.5000,72.5900
20180709,20180706,21:36:00,72.5900,72.6400,72.5600,72.6200
20180709,20180706,21:37:00,72.6200,72.6400,72.5500,72.6100
20180709,20180706,21:38:00,72.6100,72.6200,72.5500,72.6100
20180709,20180706,21:39:00,72.6100,72.6400,72.5800,72.5900
20180709,20180706,21:40:00,72.5800,72.6600,72.5600,72.6400
20180709,20180706,21:41:00,72.6400,72.6800,72.6100,72.6600
20180709,20180706,21:42:00,72.6500,72.6700,72.6200,72.6500
20180709,20180706,21:43:00,72.6400,72.6400,72.5600,72.5800
20180709,20180706,21:44:00,72.5800,72.6600,72.5800,72.6600
20180709,20180706,21:45:00,72.6500,72.6600,72.6300,72.6400
20180709,20180706,21:46:00,72.6400,72.6800,72.6400,72.6500
20180709,20180706,21:47:00,72.6500,72.6600,72.6000,72.6100
20180709,20180706,21:48:00,72.6100,72.6600,72.6100,72.6500
20180709,20180706,21:49:00,72.6500,72.6500,72.6100,72.6500
20180709,20180706,21:50:00,72.6400,72.6400,72.5800,72.5900
20180709,20180706,21:51:00,72.5900,72.6200,72.5800,72.6200
20180709,20180706,21:52:00,72.6200,72.7100,72.6200,72.7100
20180709,20180706,21:53:00,72.7100,72.7300,72.6600,72.6800
20180709,20180706,21:54:00,72.6800,72.7000,72.6500,72.6500
20180709,20180706,21:55:00,72.6500,72.6600,72.6100,72.6400
20180709,20180706,21:56:00,72.6400,72.6900,72.6300,72.6700
20180709,20180706,21:57:00,72.6700,72.7100,72.6700,72.6800
20180709,20180706,21:58:00,72.6800,72.7600,72.6700,72.7200
20180709,20180706,21:59:00,72.7200,72.7700,72.7200,72.7500
20180709,20180706,22:00:00,72.7400,72.7400,72.6700,72.6800
20180709,20180706,22:01:00,72.6800,72.7000,72.6200,72.6500
20180709,20180706,22:02:00,72.6500,72.6600,72.5600,72.5700
20180709,20180706,22:03:00,72.5800,72.5800,72.4800,72.5100
20180709,20180706,22:04:00,72.5100,72.5600,72.4200,72.4400
20180709,20180706,22:05:00,72.4400,72.5800,72.4300,72.5800
20180709,20180706,22:06:00,72.5700,72.8700,72.5500,72.7800
20180709,20180706,22:07:00,72.7800,72.8600,72.7300,72.8500
20180709,20180706,22:08:00,72.8400,73.1000,72.8200,73.0400
20180709,20180706,22:09:00,73.0300,73.1100,73.0000,73.0000
20180709,20180706,22:10:00,73.0100,73.1300,73.0100,73.1000
20180709,20180706,22:11:00,73.1000,73.1900,73.0700,73.1800
20180709,20180706,22:12:00,73.1900,73.3200,73.1700,73.1700
20180709,20180706,22:13:00,73.1900,73.2600,73.1900,73.2300
20180709,20180706,22:14:00,73.2300,73.3200,73.2200,73.2500
20180709,20180706,22:15:00,73.2500,73.3000,73.1900,73.2900
20180709,20180706,22:16:00,73.3000,73.3300,73.2600,73.2700
20180709,20180706,22:17:00,73.2500,73.2700,73.2200,73.2700
20180709,20180706,22:18:00,73.2700,73.3300,73.2400,73.2500
20180709,20180706,22:19:00,73.2500,73.3500,73.2500,73.3200
20180709,20180706,22:20:00,73.3300,73.3600,73.2800,73.3200
20180709,20180706,22:21:00,73.3200,73.3300,73.2000,73.2100
20180709,20180706,22:22:00,73.2100,73.2500,73.1800,73.2400
20180709,20180706,22:23:00,73.2400,73.3200,73.2000,73.3000
20180709,20180706,22:24:00,73.3100,73.3500,73.2700,73.3300
20180709,20180706,22:25:00,73.3200,73.3300,73.2500,73.2800
20180709,20180706,22:26:00,73.2800,73.2800,73.2200,73.2500
20180709,20180706,22:27:00,73.2600,73.3200,73.2500,73.3000
20180709,20180706,22:28:00,73.3000,73.3000,73.2600,73.2600
20180709,20180706,22:29:00,73.2600,73.3500,73.2600,73.3200
20180709,20180706,22:30:00,73.3200,73.3700,73.3000,73.3400
20180709,20180706,22:31:00,73.3400,73.3500,73.2200,73.2700
20180709,20180706,22:32:00,73.2600,73.3300,73.2500,73.3300
20180709,20180706,22:33:00,73.3300,73.3600,73.3000,73.3200
20180709,20180706,22:34:00,73.3200,73.3600,73.3000,73.3400
20180709,20180706,22:35:00,73.3400,73.4500,73.3200,73.4200
20180709,20180706,22:36:00,73.4200,73.5500,73.4000,73.5400
20180709,20180706,22:37:00,73.5400,73.5700,73.4900,73.4900
20180709,20180706,22:38:00,73.5000,73.5200,73.4500,73.4600
20180709,20180706,22:39:00,73.4600,73.4900,73.4200,73.4900
20180709,20180706,22:40:00,73.4800,73.5300,73.4700,73.5000
20180709,20180706,22:41:00,73.5000,73.5600,73.4800,73.5200
20180709,20180706,22:42:00,73.5400,73.6400,73.5100,73.6400
20180709,20180706,22:43:00,73.6300,73.6600,73.5800,73.6300
20180709,20180706,22:44:00,73.6300,73.6500,73.5400,73.6100
20180709,20180706,22:45:00,73.6100,73.6100,73.5500,73.5800
20180709,20180706,22:46:00,73.5800,73.5800,73.5300,73.5400
20180709,20180706,22:47:00,73.5300,73.5500,73.5100,73.5400
20180709,20180706,22:48:00,73.5400,73.5500,73.5200,73.5500
20180709,20180706,22:49:00,73.5500,73.5900,73.5400,73.5600
20180709,20180706,22:50:00,73.5600,73.6000,73.5500,73.5700
20180709,20180706,22:51:00,73.5700,73.6000,73.4600,73.4800
20180709,20180706,22:52:00,73.4800,73.4800,73.3600,73.3700
20180709,20180706,22:53:00,73.3600,73.3700,73.2700,73.3400
20180709,20180706,22:54:00,73.3400,73.3800,73.3200,73.3300
20180709,20180706,22:55:00,73.3300,73.4100,73.3100,73.4100
20180709,20180706,22:56:00,73.4000,73.4200,73.3700,73.3900
20180709,20180706,22:57:00,73.3900,73.4600,73.3900,73.4500
20180709,20180706,22:58:00,73.4500,73.4600,73.4000,73.4100
20180709,20180706,22:59:00,73.4100,73.5200,73.4100,73.5000
20180709,20180706,23:00:00,73.5000,73.5300,73.4900,73.5300
20180709,20180706,23:01:00,73.5200,73.5400,73.4000,73.4200
20180709,20180706,23:02:00,73.4200,73.4500,73.4000,73.4300
20180709,20180706,23:03:00,73.4200,73.4300,73.4000,73.4100
20180709,20180706,23:04:00,73.4100,73.4100,73.3100,73.3600
20180709,20180706,23:05:00,73.3600,73.4200,73.3600,73.3900
20180709,20180706,23:06:00,73.3900,73.4000,73.3400,73.4000
20180709,20180706,23:07:00,73.4000,73.4300,73.3900,73.4200
20180709,20180706,23:08:00,73.4100,73.4400,73.3900,73.4400
20180709,20180706,23:09:00,73.4400,73.4900,73.4200,73.4300
20180709,20180706,23:10:00,73.4300,73.4700,73.4200,73.4700
20180709,20180706,23:11:00,73.5000,73.5100,73.4800,73.4800
20180709,20180706,23:12:00,73.4700,73.5300,73.4700,73.4900
20180709,20180706,23:13:00,73.4900,73.5400,73.4900,73.5100
20180709,20180706,23:14:00,73.5100,73.5700,73.5000,73.5300
20180709,20180706,23:15:00,73.5300,73.6200,73.5300,73.5800
20180709,20180706,23:16:00,73.5800,73.5900,73.5200,73.5300
20180709,20180706,23:17:00,73.5300,73.5800,73.5200,73.5700
20180709,20180706,23:18:00,73.5700,73.6100,73.5700,73.5900
20180709,20180706,23:19:00,73.6100,73.6200,73.5400,73.5400
20180709,20180706,23:20:00,73.5500,73.5800,73.5000,73.5500
20180709,20180706,23:21:00,73.5500,73.5600,73.5100,73.5100
20180709,20180706,23:22:00,73.5100,73.6200,73.5100,73.6000
20180709,20180706,23:23:00,73.5900,73.5900,73.5600,73.5800
20180709,20180706,23:24:00,73.5800,73.6000,73.5200,73.5800
20180709,20180706,23:25:00,73.5800,73.6200,73.5400,73.5400
20180709,20180706,23:26:00,73.5400,73.6100,73.5200,73.6100
20180709,20180706,23:27:00,73.6100,73.6600,73.6000,73.6400
20180709,20180706,23:28:00,73.6500,73.6500,73.5400,73.5400
20180709,20180706,23:29:00,73.5500,73.5500,73.4800,73.5100
20180709,20180706,23:30:00,73.5100,73.5600,73.5100,73.5400
20180709,20180706,23:31:00,73.5400,73.5800,73.5300,73.5700
20180709,20180706,23:32:00,73.5700,73.5900,73.5500,73.5800
20180709,20180706,23:33:00,73.5700,73.6100,73.5700,73.6000
20180709,20180706,23:34:00,73.6100,73.6100,73.5100,73.5200
20180709,20180706,23:35:00,73.5200,73.5800,73.5200,73.5700
20180709,20180706,23:36:00,73.5700,73.8600,73.5700,73.8300
20180709,20180706,23:37:00,73.8200,73.8500,73.8000,73.8000
20180709,20180706,23:38:00,73.8000,73.8400,73.7900,73.8200
20180709,20180706,23:39:00,73.8200,73.8800,73.8000,73.8100
20180709,20180706,23:40:00,73.8100,73.8800,73.7800,73.8800
20180709,20180706,23:41:00,73.8800,73.9200,73.8700,73.9100
20180709,20180706,23:42:00,73.8900,73.9000,73.8200,73.8200
20180709,20180706,23:43:00,73.8300,73.8500,73.8000,73.8400
20180709,20180706,23:44:00,73.8400,73.8500,73.8000,73.8400
20180709,20180706,23:45:00,73.8400,73.8700,73.8300,73.8400
20180709,20180706,23:46:00,73.8400,73.8700,73.7800,73.8000
20180709,20180706,23:47:00,73.8000,73.8000,73.7700,73.8000
20180709,20180706,23:48:00,73.7900,73.8000,73.7600,73.7700
20180709,20180706,23:49:00,73.7700,73.8000,73.7000,73.7200
20180709,20180706,23:50:00,73.7200,73.7200,73.6300,73.6900
20180709,20180706,23:51:00,73.7000,73.7500,73.6800,73.7300
20180709,20180706,23:52:00,73.7300,73.7400,73.6700,73.6800
20180709,20180706,23:53:00,73.6800,73.6900,73.6400,73.6700
20180709,20180706,23:54:00,73.6800,73.7000,73.6500,73.6500
20180709,20180706,23:55:00,73.6500,73.7000,73.6500,73.6700
20180709,20180706,23:56:00,73.6700,73.7400,73.6700,73.7300
20180709,20180706,23:57:00,73.7200,73.7500,73.6900,73.7400
20180709,20180706,23:58:00,73.7400,73.8000,73.7400,73.8000
20180709,20180706,23:59:00,73.8000,73.8200,73.7700,73.7700
20180709,20180707,00:00:00,73.7700,73.7800,73.7500,73.7500
20180709,20180707,00:01:00,73.7600,73.8100,73.7600,73.8000
20180709,20180707,00:02:00,73.8000,73.8100,73.7600,73.7800
20180709,20180707,00:03:00,73.7800,73.7900,73.7200,73.7400
20180709,20180707,00:04:00,73.7400,73.7800,73.7400,73.7600
20180709,20180707,00:05:00,73.7300,73.7600,73.7300,73.7400
20180709,20180707,00:06:00,73.7400,73.7900,73.7200,73.7900
20180709,20180707,00:07:00,73.7900,73.7900,73.7500,73.7500
20180709,20180707,00:08:00,73.7500,73.7800,73.7400,73.7600
20180709,20180707,00:09:00,73.7700,73.8100,73.7700,73.8100
20180709,20180707,00:10:00,73.8000,73.8200,73.7900,73.8200
20180709,20180707,00:11:00,73.8200,73.8200,73.7300,73.7700
20180709,20180707,00:12:00,73.7800,73.7800,73.7300,73.7400
20180709,20180707,00:13:00,73.7400,73.7500,73.7300,73.7500
20180709,20180707,00:14:00,73.7500,73.7800,73.7400,73.7500
20180709,20180707,00:15:00,73.7500,73.7700,73.7500,73.7600
20180709,20180707,00:16:00,73.7600,73.7900,73.7500,73.7500
20180709,20180707,00:17:00,73.7500,73.8100,73.7200,73.8100
20180709,20180707,00:18:00,73.8100,73.8900,73.8000,73.8900
20180709,20180707,00:19:00,73.8800,73.9200,73.8500,73.8600
20180709,20180707,00:20:00,73.8600,73.8800,73.8200,73.8500
20180709,20180707,00:21:00,73.8500,73.8500,73.8000,73.8200
20180709,20180707,00:22:00,73.8200,73.8500,73.7900,73.8400
20180709,20180707,00:23:00,73.8400,73.8500,73.8200,73.8300
20180709,20180707,00:24:00,73.8300,73.8400,73.8000,73.8300
20180709,20180707,00:25:00,73.8300,73.8400,73.7600,73.7800
20180709,20180707,00:26:00,73.7800,73.8000,73.7700,73.7800
20180709,20180707,00:27:00,73.7800,73.7900,73.7700,73.7800
20180709,20180707,00:28:00,73.7800,73.8500,73.7800,73.8400
20180709,20180707,00:29:00,73.8400,73.8600,73.8100,73.8300
20180709,20180707,00:30:00,73.8300,73.8700,73.8300,73.8700
20180709,20180707,00:31:00,73.8500,73.8600,73.8400,73.8500
20180709,20180707,00:32:00,73.8500,73.8600,73.8300,73.8300
20180709,20180707,00:33:00,73.8300,73.8500,73.8300,73.8500
20180709,20180707,00:34:00,73.8400,73.8500,73.8000,73.8100
20180709,20180707,00:35:00,73.8100,73.8100,73.7900,73.8000
20180709,20180707,00:36:00,73.8000,73.8000,73.7600,73.7900
20180709,20180707,00:37:00,73.7900,73.8100,73.7600,73.7900
20180709,20180707,00:38:00,73.7900,73.8000,73.7800,73.7900
20180709,20180707,00:39:00,73.7900,73.8000,73.7500,73.7600
20180709,20180707,00:40:00,73.7700,73.8300,73.7600,73.7700
20180709,20180707,00:41:00,73.7700,73.7700,73.7300,73.7500
20180709,20180707,00:42:00,73.7500,73.7800,73.7500,73.7600
20180709,20180707,00:43:00,73.7600,73.8000,73.7600,73.7800
20180709,20180707,00:44:00,73.7800,73.8000,73.7800,73.7900
20180709,20180707,00:45:00,73.7900,73.8300,73.7900,73.7900
20180709,20180707,00:46:00,73.7900,73.8200,73.7800,73.8000
20180709,20180707,00:47:00,73.8100,73.8300,73.8000,73.8100
20180709,20180707,00:48:00,73.8100,73.8100,73.7700,73.7800
20180709,20180707,00:49:00,73.7900,73.8000,73.7800,73.7900
20180709,20180707,00:50:00,73.7800,73.7900,73.7600,73.7900
20180709,20180707,00:51:00,73.7900,73.8100,73.7800,73.7900
20180709,20180707,00:52:00,73.7900,73.7900,73.7600,73.7600
20180709,20180707,00:53:00,73.7600,73.7600,73.7300,73.7500
20180709,20180707,00:54:00,73.7400,73.7800,73.7400,73.7500
20180709,20180707,00:55:00,73.7500,73.7800,73.7500,73.7500
20180709,20180707,00:56:00,73.7500,73.7600,73.7400,73.7500
20180709,20180707,00:57:00,73.7500,73.7600,73.7500,73.7500
20180709,20180707,00:58:00,73.7500,73.7600,73.6900,73.7000
20180709,20180707,00:59:00,73.6900,73.7200,73.6900,73.7100
20180709,20180707,01:00:00,73.7100,73.7300,73.6900,73.7200
20180709,20180707,01:01:00,73.7100,73.7300,73.7100,73.7200
20180709,20180707,01:02:00,73.7300,73.7800,73.7300,73.7700
20180709,20180707,01:03:00,73.7700,73.7800,73.7400,73.7500
20180709,20180707,01:04:00,73.7500,73.7600,73.7200,73.7200
20180709,20180707,01:05:00,73.7200,73.7600,73.7000,73.7200
20180709,20180707,01:06:00,73.7200,73.7600,73.7200,73.7600
20180709,20180707,01:07:00,73.7600,73.7600,73.7000,73.7200
20180709,20180707,01:08:00,73.7200,73.7300,73.7100,73.7100
20180709,20180707,01:09:00,73.7100,73.7100,73.6400,73.6500
20180709,20180707,01:10:00,73.6500,73.7000,73.6500,73.6900
20180709,20180707,01:11:00,73.6900,73.7000,73.6300,73.6500
20180709,20180707,01:12:00,73.6500,73.6600,73.6100,73.6100
20180709,20180707,01:13:00,73.6100,73.6300,73.5700,73.6300
20180709,20180707,01:14:00,73.6300,73.6600,73.6200,73.6500
20180709,20180707,01:15:00,73.6500,73.6800,73.6400,73.6700
20180709,20180707,01:16:00,73.6700,73.6900,73.6600,73.6800
20180709,20180707,01:17:00,73.6700,73.7300,73.6700,73.7200
20180709,20180707,01:18:00,73.7200,73.7300,73.7000,73.7000
20180709,20180707,01:19:00,73.7000,73.7300,73.6900,73.7200
20180709,20180707,01:20:00,73.7200,73.7300,73.7100,73.7100
20180709,20180707,01:21:00,73.7100,73.7100,73.6400,73.6600
20180709,20180707,01:22:00,73.6600,73.7000,73.6600,73.7000
20180709,20180707,01:23:00,73.7000,73.7300,73.7000,73.7200
20180709,20180707,01:24:00,73.7100,73.7100,73.6700,73.6900
20180709,20180707,01:25:00,73.7000,73.7200,73.6800,73.6800
20180709,20180707,01:26:00,73.6800,73.6800,73.6400,73.6700
20180709,20180707,01:27:00,73.6700,73.6800,73.6400,73.6600
20180709,20180707,01:28:00,73.6600,73.6800,73.6600,73.6800
20180709,20180707,01:29:00,73.6800,73.7200,73.6800,73.7200
20180709,20180707,01:30:00,73.7200,73.7900,73.7100,73.7700
20180709,20180707,01:31:00,73.7700,73.8200,73.7700,73.7900
20180709,20180707,01:32:00,73.7900,73.7900,73.7700,73.7800
20180709,20180707,01:33:00,73.7800,73.7800,73.7500,73.7600
20180709,20180707,01:34:00,73.7600,73.7900,73.7600,73.7900
20180709,20180707,01:35:00,73.7900,73.8000,73.7700,73.8000
20180709,20180707,01:36:00,73.8000,73.8100,73.7700,73.7700
20180709,20180707,01:37:00,73.7700,73.7800,73.7500,73.7700
20180709,20180707,01:38:00,73.7700,73.7800,73.7500,73.7600
20180709,20180707,01:39:00,73.7600,73.7900,73.7500,73.7900
20180709,20180707,01:40:00,73.7900,73.8100,73.7900,73.7900
20180709,20180707,01:41:00,73.7900,73.7900,73.7600,73.7700
20180709,20180707,01:42:00,73.7600,73.8000,73.7600,73.7900
20180709,20180707,01:43:00,73.7900,73.7900,73.7700,73.7900
20180709,20180707,01:44:00,73.7900,73.7900,73.7700,73.7800
20180709,20180707,01:45:00,73.7800,73.7800,73.7100,73.7400
20180709,20180707,01:46:00,73.7300,73.7500,73.7300,73.7500
20180709,20180707,01:47:00,73.7500,73.7500,73.7400,73.7500
20180709,20180707,01:48:00,73.7500,73.7600,73.7300,73.7400
20180709,20180707,01:49:00,73.7400,73.7600,73.7300,73.7300
20180709,20180707,01:50:00,73.7300,73.7600,73.7300,73.7600
20180709,20180707,01:51:00,73.7600,73.7700,73.7400,73.7500
20180709,20180707,01:52:00,73.7500,73.7600,73.7400,73.7500
20180709,20180707,01:53:00,73.7500,73.7500,73.7400,73.7500
20180709,20180707,01:54:00,73.7500,73.7500,73.7400,73.7400
20180709,20180707,01:55:00,73.7400,73.7500,73.6800,73.6900
20180709,20180707,01:56:00,73.6900,73.7100,73.6800,73.7000
20180709,20180707,01:57:00,73.7000,73.7200,73.7000,73.7100
20180709,20180707,01:58:00,73.7100,73.7200,73.6900,73.6900
20180709,20180707,01:59:00,73.6900,73.7100,73.6600,73.7000
20180709,20180707,02:00:00,73.7000,73.7000,73.6500,73.6600
20180709,20180707,02:01:00,73.6600,73.6900,73.6600,73.6800
20180709,20180707,02:02:00,73.6800,73.7000,73.6400,73.6400
20180709,20180707,02:03:00,73.6400,73.6600,73.6200,73.6500
20180709,20180707,02:04:00,73.6500,73.6500,73.5900,73.5900
20180709,20180707,02:05:00,73.5900,73.7300,73.5800,73.6500
20180709,20180707,02:06:00,73.6500,73.6900,73.6500,73.6800
20180709,20180707,02:07:00,73.6800,73.6800,73.6100,73.6400
20180709,20180707,02:08:00,73.6300,73.6400,73.5200,73.5300
20180709,20180707,02:09:00,73.5300,73.6000,73.5200,73.5400
20180709,20180707,02:10:00,73.5400,73.5800,73.5300,73.5600
20180709,20180707,02:11:00,73.5500,73.5700,73.5300,73.5700
20180709,20180707,02:12:00,73.5700,73.5800,73.5400,73.5500
20180709,20180707,02:13:00,73.5500,73.5500,73.4400,73.4600
20180709,20180707,02:14:00,73.4600,73.4800,73.4400,73.4600
20180709,20180707,02:15:00,73.4600,73.4600,73.4100,73.4400
20180709,20180707,02:16:00,73.4200,73.5100,73.4200,73.4900
20180709,20180707,02:17:00,73.4900,73.5400,73.4900,73.5100
20180709,20180707,02:18:00,73.5100,73.5300,73.4900,73.5100
20180709,20180707,02:19:00,73.5100,73.5300,73.4600,73.4600
20180709,20180707,02:20:00,73.4600,73.4700,73.4200,73.4500
20180709,20180707,02:21:00,73.4500,73.4800,73.4200,73.4300
20180709,20180707,02:22:00,73.4400,73.4400,73.4000,73.4100
20180709,20180707,02:23:00,73.4000,73.4100,73.3600,73.3700
20180709,20180707,02:24:00,73.3700,73.5400,73.3700,73.5400
20180709,20180707,02:25:00,73.5400,73.5500,73.4900,73.5300
20180709,20180707,02:26:00,73.5300,73.6100,73.4500,73.5900
20180709,20180707,02:27:00,73.6000,73.6700,73.5600,73.6500
20180709,20180707,02:28:00,73.6600,73.8800,73.6500,73.8400
20180709,20180707,02:29:00,73.8400,73.8500,73.7800,73.7900
20180709,20180707,02:30:00,73.7900,73.8300,73.7600,73.7900
20180709,20180707,02:31:00,73.7900,73.8000,73.7600,73.8000
20180709,20180707,02:32:00,73.8000,73.8000,73.7800,73.7800
20180709,20180707,02:33:00,73.7800,73.8000,73.7700,73.7900
20180709,20180707,02:34:00,73.7900,73.8900,73.7900,73.8500
20180709,20180707,02:35:00,73.8400,73.8500,73.8200,73.8300
20180709,20180707,02:36:00,73.8300,73.8600,73.8200,73.8400
20180709,20180707,02:37:00,73.8400,73.8500,73.7900,73.8000
20180709,20180707,02:38:00,73.8000,73.8100,73.7800,73.8100
20180709,20180707,02:39:00,73.8100,73.8100,73.7800,73.8000
20180709,20180707,02:40:00,73.8000,73.8200,73.7900,73.7900
20180709,20180707,02:41:00,73.7900,73.7900,73.7500,73.7700
20180709,20180707,02:42:00,73.7700,73.7700,73.7500,73.7500
20180709,20180707,02:43:00,73.7500,73.7700,73.7500,73.7600
20180709,20180707,02:44:00,73.7600,73.8000,73.7600,73.7800
20180709,20180707,02:45:00,73.7800,73.7800,73.7700,73.7800
20180709,20180707,02:46:00,73.7800,73.8000,73.7700,73.8000
20180709,20180707,02:47:00,73.8000,73.8100,73.7900,73.8100
20180709,20180707,02:48:00,73.8100,73.8300,73.8000,73.8200
20180709,20180707,02:49:00,73.8200,73.8200,73.7900,73.7900
20180709,20180707,02:50:00,73.7900,73.8000,73.7800,73.7900
20180709,20180707,02:51:00,73.7900,73.7900,73.7800,73.7800
20180709,20180707,02:52:00,73.7800,73.7900,73.7800,73.7800
20180709,20180707,02:53:00,73.7800,73.7800,73.7600,73.7800
20180709,20180707,02:54:00,73.7800,73.7900,73.7700,73.7900
20180709,20180707,02:55:00,73.7900,73.7900,73.7700,73.7700
20180709,20180707,02:56:00,73.7700,73.7900,73.7700,73.7900
20180709,20180707,02:57:00,73.7900,73.7900,73.7700,73.7800
20180709,20180707,02:58:00,73.7800,73.7900,73.7700,73.7900
20180709,20180707,02:59:00,73.7900,73.8000,73.7600,73.7900
20180709,20180707,03:00:00,73.7900,73.8100,73.7800,73.8000
20180709,20180707,03:01:00,73.8000,73.8000,73.7900,73.7900
20180709,20180707,03:02:00,73.7900,73.8000,73.7900,73.8000
20180709,20180707,03:03:00,73.8000,73.8200,73.7900,73.8200
20180709,20180707,03:04:00,73.8100,73.8200,73.8000,73.8000
20180709,20180707,03:05:00,73.8000,73.8100,73.8000,73.8000
20180709,20180707,03:06:00,73.8100,73.8200,73.8000,73.8100
20180709,20180707,03:07:00,73.8100,73.8200,73.8000,73.8000
20180709,20180707,03:08:00,73.8000,73.8100,73.7900,73.7900
20180709,20180707,03:09:00,73.7900,73.8000,73.7900,73.7900
20180709,20180707,03:10:00,73.8000,73.8100,73.7900,73.8100
20180709,20180707,03:11:00,73.8100,73.8100,73.7900,73.8000
20180709,20180707,03:12:00,73.7900,73.8100,73.7900,73.8000
20180709,20180707,03:13:00,73.8000,73.8100,73.8000,73.8000
20180709,20180707,03:14:00,73.8000,73.8100,73.8000,73.8000
20180709,20180707,03:15:00,73.8000,73.8000,73.7800,73.7800
20180709,20180707,03:16:00,73.7800,73.8000,73.7800,73.8000
20180709,20180707,03:17:00,73.8000,73.8000,73.7900,73.7900
20180709,20180707,03:18:00,73.7900,73.7900,73.7800,73.7800
20180709,20180707,03:19:00,73.7800,73.7900,73.7800,73.7900
20180709,20180707,03:20:00,73.7900,73.7900,73.7700,73.7800
20180709,20180707,03:21:00,73.7800,73.7900,73.7700,73.7700
20180709,20180707,03:22:00,73.7700,73.7900,73.7700,73.7800
20180709,20180707,03:23:00,73.7800,73.8100,73.7700,73.8000
20180709,20180707,03:24:00,73.8000,73.8100,73.8000,73.8000
20180709,20180707,03:25:00,73.8100,73.8100,73.8000,73.8000
20180709,20180707,03:26:00,73.8000,73.8100,73.8000,73.8100
20180709,20180707,03:27:00,73.8100,73.8100,73.8000,73.8000
20180709,20180707,03:28:00,73.8000,73.8100,73.8000,73.8100
20180709,20180707,03:29:00,73.8100,73.8100,73.8000,73.8100
20180709,20180707,03:30:00,73.8100,73.8100,73.8000,73.8100
20180709,20180707,03:31:00,73.8100,73.8100,73.8000,73.8100
20180709,20180707,03:32:00,73.8100,73.8100,73.8000,73.8100
20180709,20180707,03:33:00,73.8100,73.8200,73.8000,73.8200
20180709,20180707,03:34:00,73.8200,73.8200,73.8000,73.8100
20180709,20180707,03:35:00,73.8100,73.8200,73.8000,73.8000
20180709,20180707,03:36:00,73.8000,73.8100,73.8000,73.8000
20180709,20180707,03:37:00,73.8000,73.8100,73.8000,73.8100
20180709,20180707,03:38:00,73.8100,73.8100,73.8000,73.8000
20180709,20180707,03:39:00,73.8000,73.8100,73.7900,73.7900
20180709,20180707,03:40:00,73.7900,73.8000,73.7800,73.7800
20180709,20180707,03:41:00,73.7800,73.7900,73.7800,73.7900
20180709,20180707,03:42:00,73.7900,73.8000,73.7700,73.7700
20180709,20180707,03:43:00,73.7700,73.7800,73.7600,73.7800
20180709,20180707,03:44:00,73.7800,73.7800,73.7600,73.7700
20180709,20180707,03:45:00,73.7700,73.7900,73.7600,73.7800
20180709,20180707,03:46:00,73.7800,73.8000,73.7800,73.7800
20180709,20180707,03:47:00,73.7800,73.7900,73.7700,73.7900
20180709,20180707,03:48:00,73.7900,73.8000,73.7900,73.7900
20180709,20180707,03:49:00,73.7900,73.8000,73.7800,73.7900
20180709,20180707,03:50:00,73.8000,73.8000,73.7700,73.7700
20180709,20180707,03:51:00,73.7700,73.7800,73.7700,73.7700
20180709,20180707,03:52:00,73.7800,73.7900,73.7800,73.7800
20180709,20180707,03:53:00,73.7800,73.8000,73.7800,73.8000
20180709,20180707,03:54:00,73.8000,73.8000,73.7900,73.7900
20180709,20180707,03:55:00,73.7900,73.8000,73.7900,73.8000
20180709,20180707,03:56:00,73.8000,73.8000,73.7900,73.7900
20180709,20180707,03:57:00,73.7900,73.8200,73.7900,73.8100
20180709,20180707,03:58:00,73.8100,73.8200,73.8000,73.8200
20180709,20180707,03:59:00,73.8200,73.8200,73.8000,73.8200
20180709,20180707,04:00:00,73.8200,73.8200,73.7900,73.8100
20180709,20180707,04:01:00,73.8100,73.8200,73.8100,73.8100
20180709,20180707,04:02:00,73.8100,73.8300,73.8100,73.8200
20180709,20180707,04:03:00,73.8200,73.8300,73.8200,73.8300
20180709,20180707,04:04:00,73.8300,73.8300,73.8100,73.8200
20180709,20180707,04:05:00,73.8200,73.8300,73.8100,73.8300
20180709,20180707,04:06:00,73.8300,73.8300,73.8200,73.8300
20180709,20180707,04:07:00,73.8300,73.8400,73.8100,73.8300
20180709,20180707,04:08:00,73.8300,73.8400,73.8300,73.8400
20180709,20180707,04:09:00,73.8400,73.8400,73.8300,73.8400
20180709,20180707,04:10:00,73.8400,73.8400,73.8100,73.8300
20180709,20180707,04:11:00,73.8300,73.8300,73.8200,73.8300
20180709,20180707,04:12:00,73.8300,73.8300,73.8200,73.8300
20180709,20180707,04:13:00,73.8300,73.8300,73.8200,73.8200
20180709,20180707,04:14:00,73.8200,73.8300,73.8200,73.8200
20180709,20180707,04:15:00,73.8200,73.8300,73.8200,73.8200
20180709,20180707,04:16:00,73.8200,73.8300,73.8200,73.8300
20180709,20180707,04:17:00,73.8300,73.8300,73.8200,73.8300
20180709,20180707,04:18:00,73.8300,73.8300,73.8200,73.8300
20180709,20180707,04:19:00,73.8300,73.8300,73.8200,73.8300
20180709,20180707,04:20:00,73.8300,73.8600,73.8200,73.8600
20180709,20180707,04:21:00,73.8600,73.8600,73.8500,73.8500
20180709,20180707,04:22:00,73.8600,73.8600,73.8500,73.8600
20180709,20180707,04:23:00,73.8600,73.8600,73.8500,73.8500
20180709,20180707,04:24:00,73.8500,73.8800,73.8500,73.8800
20180709,20180707,04:25:00,73.8800,73.8900,73.8700,73.8800
20180709,20180707,04:26:00,73.8800,73.8800,73.8800,73.8800
20180709,20180707,04:27:00,73.8800,73.9000,73.8800,73.9000
20180709,20180707,04:28:00,73.9000,74.0000,73.9000,73.9500
20180709,20180707,04:29:00,73.9500,73.9500,73.9300,73.9400
20180709,20180707,04:30:00,73.9300,73.9500,73.9200,73.9400
20180709,20180707,04:31:00,73.9400,73.9400,73.9200,73.9300
20180709,20180707,04:32:00,73.9300,73.9300,73.9200,73.9300
20180709,20180707,04:33:00,73.9300,73.9300,73.9200,73.9300
20180709,20180707,04:34:00,73.9300,73.9400,73.9200,73.9400
20180709,20180707,04:35:00,73.9400,73.9400,73.8900,73.8900
20180709,20180707,04:36:00,73.9000,73.9100,73.8900,73.9100
20180709,20180707,04:37:00,73.9100,73.9200,73.9100,73.9100
20180709,20180707,04:38:00,73.9100,73.9100,73.9100,73.9100
20180709,20180707,04:39:00,73.9100,73.9500,73.9000,73.9500
20180709,20180707,04:40:00,73.9500,73.9600,73.9400,73.9400
20180709,20180707,04:41:00,73.9400,73.9600,73.9300,73.9300
20180709,20180707,04:42:00,73.9300,73.9400,73.9200,73.9200
20180709,20180707,04:43:00,73.9200,73.9300,73.9200,73.9300
20180709,20180707,04:44:00,73.9300,73.9600,73.9300,73.9600
20180709,20180707,04:45:00,73.9600,73.9700,73.9600,73.9700
20180709,20180707,04:46:00,73.9700,73.9700,73.9500,73.9500
20180709,20180707,04:47:00,73.9500,73.9500,73.9200,73.9200
20180709,20180707,04:48:00,73.9200,73.9400,73.9200,73.9400
20180709,20180707,04:49:00,73.9400,73.9600,73.9200,73.9400
20180709,20180707,04:50:00,73.9600,73.9600,73.9400,73.9600
20180709,20180707,04:51:00,73.9600,73.9600,73.9500,73.9500
20180709,20180707,04:52:00,73.9500,73.9600,73.9400,73.9500
20180709,20180707,04:53:00,73.9500,73.9500,73.9400,73.9400
20180709,20180707,04:54:00,73.9400,73.9600,73.9200,73.9400
20180709,20180707,04:55:00,73.9500,73.9500,73.9300,73.9500
20180709,20180707,04:56:00,73.9500,73.9500,73.9200,73.9400
20180709,20180707,04:57:00,73.9400,73.9400,73.9200,73.9300
20180709,20180707,04:58:00,73.9200,73.9300,73.9200,73.9300
20180709,20180707,04:59:00,73.9300,73.9300,73.8800,73.9200
20180709,20180707,05:00:00,73.9200,73.9200,73.9200,73.9200
