20180709,20180706,21:25:00,72.4000,72.4400,72.3500,72.4000
20180709,20180706,21:30:00,72.3900,72.6200,72.3800,72.5100
20180709,20180706,21:35:00,72.5100,72.6400,72.5000,72.5900
20180709,20180706,21:40:00,72.5800,72.6800,72.5600,72.6600
20180709,20180706,21:45:00,72.6500,72.6800,72.6000,72.6500
20180709,20180706,21:50:00,72.6400,72.7300,72.5800,72.6500
20180709,20180706,21:55:00,72.6500,72.7700,72.6100,72.7500
20180709,20180706,22:00:00,72.7400,72.7400,72.4200,72.4400
20180709,20180706,22:05:00,72.4400,73.1100,72.4300,73.0000
20180709,20180706,22:10:00,73.0100,73.3200,73.0100,73.2500
20180709,20180706,22:15:00,73.2500,73.3500,73.1900,73.3200
20180709,20180706,22:20:00,73.3300,73.3600,73.1800,73.3300
20180709,20180706,22:25:00,73.3200,73.3500,73.2200,73.3200
20180709,20180706,22:30:00,73.3200,73.3700,73.2200,73.3400
20180709,20180706,22:35:00,73.3400,73.5700,73.3200,73.4900
20180709,20180706,22:40:00,73.4800,73.6600,73.4700,73.6100
20180709,20180706,22:45:00,73.6100,73.6100,73.5100,73.5600
20180709,20180706,22:50:00,73.5600,73.6000,73.2700,73.3300
20180709,20180706,22:55:00,73.3300,73.5200,73.3100,73.5000
20180709,20180706,23:00:00,73.5000,73.5400,73.3100,73.3600
20180709,20180706,23:05:00,73.3600,73.4900,73.3400,73.4300
20180709,20180706,23:10:00,73.4300,73.5700,73.4200,73.5300
20180709,20180706,23:15:00,73.5300,73.6200,73.5200,73.5400
20180709,20180706,23:20:00,73.5500,73.6200,73.5000,73.5800
20180709,20180706,23:25:00,73.5800,73.6600,73.4800,73.5100
20180709,20180706,23:30:00,73.5100,73.6100,73.5100,73.5200
20180709,20180706,23:35:00,73.5200,73.8800,73.5200,73.8100
20180709,20180706,23:40:00,73.8100,73.9200,73.7800,73.8400
20180709,20180706,23:45:00,73.8400,73.8700,73.7000,73.7200
20180709,20180706,23:50:00,73.7200,73.7500,73.6300,73.6500
20180709,20180706,23:55:00,73.6500,73.8200,73.6500,73.7700
20180709,20180707,00:00:00,73.7700,73.8100,73.7200,73.7600
20180709,20180707,00:05:00,73.7300,73.8100,73.7200,73.8100
20180709,20180707,00:10:00,73.8000,73.8200,73.7300,73.7500
20180709,20180707,00:15:00,73.7500,73.9200,73.7200,73.8600
20180709,20180707,00:20:00,73.8600,73.8800,73.7900,73.8300
20180709,20180707,00:25:00,73.8300,73.8600,73.7600,73.8300
20180709,20180707,00:30:00,73.8300,73.8700,73.8000,73.8100
20180709,20180707,00:35:00,73.8100,73.8100,73.7500,73.7600
20180709,20180707,00:40:00,73.7700,73.8300,73.7300,73.7900
20180709,20180707,00:45:00,73.7900,73.8300,73.7700,73.7900
20180709,20180707,00:50:00,73.7800,73.8100,73.7300,73.7500
20180709,20180707,00:55:00,73.7500,73.7800,73.6900,73.7100
20180709,20180707,01:00:00,73.7100,73.7800,73.6900,73.7200
20180709,20180707,01:05:00,73.7200,73.7600,73.6400,73.6500
20180709,20180707,01:10:00,73.6500,73.7000,73.5700,73.6500
20180709,20180707,01:15:00,73.6500,73.7300,73.6400,73.7200
20180709,20180707,01:20:00,73.7200,73.7300,73.6400,73.6900
20180709,20180707,01:25:00,73.7000,73.7200,73.6400,73.7200
20180709,20180707,01:30:00,73.7200,73.8200,73.7100,73.7900
20180709,20180707,01:35:00,73.7900,73.8100,73.7500,73.7900
20180709,20180707,01:40:00,73.7900,73.8100,73.7600,73.7800
20180709,20180707,01:45:00,73.7800,73.7800,73.7100,73.7300
20180709,20180707,01:50:00,73.7300,73.7700,73.7300,73.7400
20180709,20180707,01:55:00,73.7400,73.7500,73.6600,73.7000
20180709,20180707,02:00:00,73.7000,73.7000,73.5900,73.5900
20180709,20180707,02:05:00,73.5900,73.7300,73.5200,73.5400
20180709,20180707,02:10:00,73.5400,73.5800,73.4400,73.4600
20180709,20180707,02:15:00,73.4600,73.5400,73.4100,73.4600
20180709,20180707,02:20:00,73.4600,73.5400,73.3600,73.5400
20180709,20180707,02:25:00,73.5400,73.8800,73.4500,73.7900
20180709,20180707,02:30:00,73.7900,73.8900,73.7600,73.8500
20180709,20180707,02:35:00,73.8400,73.8600,73.7800,73.8000
20180709,20180707,02:40:00,73.8000,73.8200,73.7500,73.7800
20180709,20180707,02:45:00,73.7800,73.8300,73.7700,73.7900
20180709,20180707,02:50:00,73.7900,73.8000,73.7600,73.7900
20180709,20180707,02:55:00,73.7900,73.8000,73.7600,73.7900
20180709,20180707,03:00:00,73.7900,73.8200,73.7800,73.8000
20180709,20180707,03:05:00,73.8000,73.8200,73.7900,73.7900
20180709,20180707,03:10:00,73.8000,73.8100,73.7900,73.8000
20180709,20180707,03:15:00,73.8000,73.8000,73.7800,73.7900
20180709,20180707,03:20:00,73.7900,73.8100,73.7700,73.8000
20180709,20180707,03:25:00,73.8100,73.8100,73.8000,73.8100
20180709,20180707,03:30:00,73.8100,73.8200,73.8000,73.8100
20180709,20180707,03:35:00,73.8100,73.8200,73.7900,73.7900
20180709,20180707,03:40:00,73.7900,73.8000,73.7600,73.7700
20180709,20180707,03:45:00,73.7700,73.8000,73.7600,73.7900
20180709,20180707,03:50:00,73.8000,73.8000,73.7700,73.7900
20180709,20180707,03:55:00,73.7900,73.8200,73.7900,73.8200
20180709,20180707,04:00:00,73.8200,73.8300,73.7900,73.8200
20180709,20180707,04:05:00,73.8200,73.8400,73.8100,73.8400
20180709,20180707,04:10:00,73.8400,73.8400,73.8100,73.8200
20180709,20180707,04:15:00,73.8200,73.8300,73.8200,73.8300
20180709,20180707,04:20:00,73.8300,73.8800,73.8200,73.8800
20180709,20180707,04:25:00,73.8800,74.0000,73.8700,73.9400
20180709,20180707,04:30:00,73.9300,73.9500,73.9200,73.9400
20180709,20180707,04:35:00,73.9400,73.9500,73.8900,73.9500
20180709,20180707,04:40:00,73.9500,73.9600,73.9200,73.9600
20180709,20180707,04:45:00,73.9600,73.9700,73.9200,73.9400
20180709,20180707,04:50:00,73.9600,73.9600,73.9200,73.9400
20180709,20180707,04:55:00,73.9500,73.9500,73.8800,73.9200
20180709,20180707,05:00:00,73.9200,73.9200,73.9200,73.9200
