20180102,09:00:00,98700.00000,98850.00000,98340.00000,98410.00000
20180102,09:05:00,98420.00000,98670.00000,98250.00000,98490.00000
20180102,09:10:00,98490.00000,98740.00000,98350.00000,98700.00000
20180102,09:15:00,98710.00000,98750.00000,98520.00000,98700.00000
20180102,09:20:00,98710.00000,98930.00000,98690.00000,98750.00000
20180102,09:25:00,98750.00000,98850.00000,98670.00000,98810.00000
20180102,09:30:00,98810.00000,98830.00000,98680.00000,98730.00000
20180102,09:35:00,98700.00000,98850.00000,98680.00000,98820.00000
20180102,09:40:00,98810.00000,98830.00000,98600.00000,98660.00000
20180102,09:45:00,98660.00000,98750.00000,98560.00000,98660.00000
20180102,09:50:00,98650.00000,98670.00000,98310.00000,98400.00000
20180102,09:55:00,98380.00000,98560.00000,98350.00000,98560.00000
20180102,10:00:00,98560.00000,98640.00000,98510.00000,98600.00000
20180102,10:05:00,98600.00000,98610.00000,98500.00000,98550.00000
20180102,10:10:00,98540.00000,98560.00000,98410.00000,98470.00000
20180102,10:15:00,98470.00000,98470.00000,98470.00000,98470.00000
20180102,10:30:00,98470.00000,98550.00000,98150.00000,98330.00000
20180102,10:35:00,98330.00000,98460.00000,98320.00000,98430.00000
20180102,10:40:00,98430.00000,98440.00000,98330.00000,98370.00000
20180102,10:45:00,98380.00000,98540.00000,98360.00000,98490.00000
20180102,10:50:00,98490.00000,98580.00000,98470.00000,98540.00000
20180102,10:55:00,98540.00000,98560.00000,98390.00000,98500.00000
20180102,11:00:00,98500.00000,98590.00000,98500.00000,98570.00000
20180102,11:05:00,98560.00000,98600.00000,98520.00000,98590.00000
20180102,11:10:00,98590.00000,98760.00000,98550.00000,98650.00000
20180102,11:15:00,98640.00000,98700.00000,98500.00000,98640.00000
20180102,11:20:00,98640.00000,98750.00000,98620.00000,98750.00000
20180102,11:25:00,98750.00000,98780.00000,98670.00000,98730.00000
20180102,11:30:00,98730.00000,98730.00000,98730.00000,98730.00000
20180102,13:30:00,98730.00000,98800.00000,98590.00000,98620.00000
20180102,13:35:00,98620.00000,98750.00000,98600.00000,98660.00000
20180102,13:40:00,98660.00000,98680.00000,98500.00000,98560.00000
20180102,13:45:00,98570.00000,98600.00000,98450.00000,98470.00000
20180102,13:50:00,98480.00000,98560.00000,98470.00000,98500.00000
20180102,13:55:00,98500.00000,98540.00000,98420.00000,98480.00000
20180102,14:00:00,98490.00000,98630.00000,98480.00000,98610.00000
20180102,14:05:00,98610.00000,98700.00000,98590.00000,98700.00000
20180102,14:10:00,98700.00000,98730.00000,98640.00000,98700.00000
20180102,14:15:00,98700.00000,98730.00000,98680.00000,98680.00000
20180102,14:20:00,98680.00000,98800.00000,98650.00000,98750.00000
20180102,14:25:00,98750.00000,98760.00000,98680.00000,98720.00000
20180102,14:30:00,98720.00000,99450.00000,98710.00000,99350.00000
20180102,14:35:00,99370.00000,99390.00000,99180.00000,99280.00000
20180102,14:40:00,99260.00000,99440.00000,99220.00000,99370.00000
20180102,14:45:00,99360.00000,99390.00000,99260.00000,99320.00000
20180102,14:50:00,99330.00000,99370.00000,99170.00000,99210.00000
20180102,14:55:00,99210.00000,99230.00000,99110.00000,99190.00000
20180102,21:00:00,99800.0000,99820.0000,99470.0000,99590.0000
20180102,21:05:00,99590.0000,99610.0000,99480.0000,99520.0000
20180102,21:10:00,99500.0000,99630.0000,99420.0000,99590.0000
20180102,21:15:00,99600.0000,99690.0000,99560.0000,99650.0000
20180102,21:20:00,99650.0000,99660.0000,99380.0000,99470.0000
20180102,21:25:00,99480.0000,99550.0000,99470.0000,99510.0000
20180102,21:30:00,99510.0000,99630.0000,99430.0000,99590.0000
20180102,21:35:00,99590.0000,99870.0000,99580.0000,99810.0000
20180102,21:40:00,99810.0000,99970.0000,99650.0000,99740.0000
20180102,21:45:00,99720.0000,99720.0000,99550.0000,99570.0000
20180102,21:50:00,99570.0000,99650.0000,99570.0000,99620.0000
20180102,21:55:00,99620.0000,99650.0000,99520.0000,99630.0000
20180102,22:00:00,99630.0000,99660.0000,99420.0000,99460.0000
20180102,22:05:00,99450.0000,99700.0000,99450.0000,99700.0000
20180102,22:10:00,99720.0000,99720.0000,99580.0000,99620.0000
20180102,22:15:00,99620.0000,99640.0000,99560.0000,99580.0000
20180102,22:20:00,99580.0000,99700.0000,99580.0000,99600.0000
20180102,22:25:00,99600.0000,99730.0000,99590.0000,99670.0000
20180102,22:30:00,99670.0000,99730.0000,99560.0000,99600.0000
20180102,22:35:00,99600.0000,99630.0000,99500.0000,99590.0000
20180102,22:40:00,99590.0000,99690.0000,99580.0000,99690.0000
20180102,22:45:00,99680.0000,99710.0000,99530.0000,99600.0000
20180102,22:50:00,99610.0000,99650.0000,99570.0000,99610.0000
20180102,22:55:00,99610.0000,99650.0000,99550.0000,99550.0000
20180102,23:00:00,99560.0000,99660.0000,99560.0000,99630.0000
20180102,23:05:00,99630.0000,99660.0000,99590.0000,99610.0000
20180102,23:10:00,99610.0000,99630.0000,99500.0000,99550.0000
20180102,23:15:00,99550.0000,99670.0000,99550.0000,99610.0000
20180102,23:20:00,99620.0000,99710.0000,99580.0000,99650.0000
20180102,23:25:00,99650.0000,99770.0000,99640.0000,99690.0000
20180102,23:30:00,99690.0000,99860.0000,99620.0000,99800.0000
20180102,23:35:00,99780.0000,99820.0000,99730.0000,99780.0000
20180102,23:40:00,99780.0000,99930.0000,99750.0000,99850.0000
20180102,23:45:00,99830.0000,99960.0000,99810.0000,99830.0000
20180102,23:50:00,99830.0000,99850.0000,99770.0000,99850.0000
20180102,23:55:00,99830.0000,99850.0000,99780.0000,99800.0000
20180103,00:00:00,99790.0000,99830.0000,99750.0000,99820.0000
20180103,00:05:00,99820.0000,99860.0000,99790.0000,99850.0000
20180103,00:10:00,99850.0000,99860.0000,99710.0000,99750.0000
20180103,00:15:00,99750.0000,99760.0000,99670.0000,99710.0000
20180103,00:20:00,99710.0000,99710.0000,99620.0000,99670.0000
20180103,00:25:00,99670.0000,99690.0000,99650.0000,99650.0000
20180103,00:30:00,99650.0000,99720.0000,99650.0000,99690.0000
20180103,00:35:00,99690.0000,99740.0000,99670.0000,99690.0000
20180103,00:40:00,99690.0000,99720.0000,99660.0000,99690.0000
20180103,00:45:00,99690.0000,99690.0000,99640.0000,99670.0000
20180103,00:50:00,99680.0000,99680.0000,99610.0000,99660.0000
20180103,00:55:00,99650.0000,99670.0000,99110.0000,99160.0000
20180103,01:00:00,99160.0000,99160.0000,99160.0000,99160.0000
20180103,09:00:00,99210.0000,99270.0000,98880.0000,99060.0000
20180103,09:05:00,99050.0000,99110.0000,98960.0000,98960.0000
20180103,09:10:00,98960.0000,99070.0000,98710.0000,98840.0000
20180103,09:15:00,98850.0000,98860.0000,98500.0000,98560.0000
20180103,09:20:00,98580.0000,98720.0000,98530.0000,98690.0000
20180103,09:25:00,98660.0000,98750.0000,98660.0000,98730.0000
20180103,09:30:00,98730.0000,98760.0000,98650.0000,98710.0000
20180103,09:35:00,98710.0000,98750.0000,98690.0000,98730.0000
20180103,09:40:00,98730.0000,98780.0000,98700.0000,98760.0000
20180103,09:45:00,98760.0000,98780.0000,98720.0000,98750.0000
20180103,09:50:00,98750.0000,98850.0000,98630.0000,98810.0000
20180103,09:55:00,98810.0000,98980.0000,98810.0000,98950.0000
20180103,10:00:00,98960.0000,99000.0000,98860.0000,98870.0000
20180103,10:05:00,98870.0000,98950.0000,98860.0000,98880.0000
20180103,10:10:00,98880.0000,98900.0000,98710.0000,98770.0000
20180103,10:30:00,98770.0000,98800.0000,98300.0000,98420.0000
20180103,10:35:00,98420.0000,98460.0000,98270.0000,98400.0000
20180103,10:40:00,98400.0000,98450.0000,98350.0000,98400.0000
20180103,10:45:00,98400.0000,98510.0000,98320.0000,98500.0000
20180103,10:50:00,98500.0000,98510.0000,98450.0000,98490.0000
20180103,10:55:00,98490.0000,98520.0000,98470.0000,98480.0000
20180103,11:00:00,98500.0000,98620.0000,98500.0000,98600.0000
20180103,11:05:00,98600.0000,98710.0000,98580.0000,98670.0000
20180103,11:10:00,98660.0000,98690.0000,98520.0000,98570.0000
20180103,11:15:00,98570.0000,98700.0000,98530.0000,98690.0000
20180103,11:20:00,98680.0000,98700.0000,98570.0000,98620.0000
20180103,11:25:00,98610.0000,98650.0000,98520.0000,98560.0000
20180103,13:30:00,98610.0000,98640.0000,98460.0000,98490.0000
20180103,13:35:00,98500.0000,98590.0000,98480.0000,98550.0000
20180103,13:40:00,98550.0000,98920.0000,98520.0000,98820.0000
20180103,13:45:00,98820.0000,98850.0000,98740.0000,98760.0000
20180103,13:50:00,98770.0000,98840.0000,98720.0000,98780.0000
20180103,13:55:00,98770.0000,98800.0000,98650.0000,98670.0000
20180103,14:00:00,98680.0000,98780.0000,98670.0000,98760.0000
20180103,14:05:00,98750.0000,98780.0000,98700.0000,98730.0000
20180103,14:10:00,98720.0000,98780.0000,98610.0000,98630.0000
20180103,14:15:00,98620.0000,98750.0000,98590.0000,98690.0000
20180103,14:20:00,98680.0000,98730.0000,98620.0000,98700.0000
20180103,14:25:00,98700.0000,98750.0000,98650.0000,98660.0000
20180103,14:30:00,98660.0000,98880.0000,98650.0000,98840.0000
20180103,14:35:00,98830.0000,98930.0000,98760.0000,98770.0000
20180103,14:40:00,98760.0000,98800.0000,98720.0000,98730.0000
20180103,14:45:00,98720.0000,98780.0000,98540.0000,98630.0000
20180103,14:50:00,98620.0000,98630.0000,98370.0000,98520.0000
20180103,14:55:00,98530.0000,98650.0000,98450.0000,98610.0000
20180103,20:55:00,98690.0000,98690.0000,98690.0000,98690.0000
20180103,21:00:00,98670.0000,98770.0000,98470.0000,98500.0000
20180103,21:05:00,98500.0000,98530.0000,97890.0000,98210.0000
20180103,21:10:00,98210.0000,98380.0000,98180.0000,98370.0000
20180103,21:15:00,98370.0000,98380.0000,98260.0000,98320.0000
20180103,21:20:00,98310.0000,98440.0000,98290.0000,98400.0000
20180103,21:25:00,98400.0000,98490.0000,98350.0000,98390.0000
20180103,21:30:00,98390.0000,98430.0000,98340.0000,98370.0000
20180103,21:35:00,98370.0000,98450.0000,98350.0000,98360.0000
20180103,21:40:00,98360.0000,98390.0000,98270.0000,98330.0000
20180103,21:45:00,98330.0000,98380.0000,98280.0000,98350.0000
20180103,21:50:00,98350.0000,98400.0000,98260.0000,98300.0000
20180103,21:55:00,98300.0000,98320.0000,98030.0000,98040.0000
20180103,22:00:00,98040.0000,98120.0000,97760.0000,97830.0000
20180103,22:05:00,97830.0000,97880.0000,97620.0000,97840.0000
20180103,22:10:00,97830.0000,97970.0000,97800.0000,97880.0000
20180103,22:15:00,97890.0000,97940.0000,97840.0000,97880.0000
20180103,22:20:00,97880.0000,97950.0000,97870.0000,97930.0000
20180103,22:25:00,97930.0000,98020.0000,97880.0000,97990.0000
20180103,22:30:00,97990.0000,98080.0000,97780.0000,97800.0000
20180103,22:35:00,97810.0000,97860.0000,97720.0000,97740.0000
20180103,22:40:00,97740.0000,97740.0000,97520.0000,97710.0000
20180103,22:45:00,97710.0000,97760.0000,97380.0000,97500.0000
20180103,22:50:00,97490.0000,97560.0000,97430.0000,97510.0000
20180103,22:55:00,97510.0000,97620.0000,97490.0000,97540.0000
20180103,23:00:00,97550.0000,97690.0000,97530.0000,97650.0000
20180103,23:05:00,97650.0000,97650.0000,97580.0000,97640.0000
20180103,23:10:00,97650.0000,97690.0000,97580.0000,97660.0000
20180103,23:15:00,97660.0000,97720.0000,97620.0000,97620.0000
20180103,23:20:00,97620.0000,97680.0000,97610.0000,97640.0000
20180103,23:25:00,97640.0000,97640.0000,97480.0000,97520.0000
20180103,23:30:00,97510.0000,97540.0000,97260.0000,97540.0000
20180103,23:35:00,97540.0000,97640.0000,97530.0000,97600.0000
20180103,23:40:00,97600.0000,97680.0000,97570.0000,97630.0000
20180103,23:45:00,97630.0000,97720.0000,97610.0000,97700.0000
20180103,23:50:00,97700.0000,97770.0000,97650.0000,97670.0000
20180103,23:55:00,97670.0000,97690.0000,97600.0000,97640.0000
20180104,00:00:00,97640.0000,97670.0000,97620.0000,97640.0000
20180104,00:05:00,97640.0000,97730.0000,97640.0000,97710.0000
20180104,00:10:00,97710.0000,97720.0000,97650.0000,97670.0000
20180104,00:15:00,97670.0000,97850.0000,97630.0000,97740.0000
20180104,00:20:00,97740.0000,97770.0000,97710.0000,97750.0000
20180104,00:25:00,97750.0000,97770.0000,97700.0000,97700.0000
20180104,00:30:00,97700.0000,97740.0000,97650.0000,97730.0000
20180104,00:35:00,97730.0000,97740.0000,97690.0000,97690.0000
20180104,00:40:00,97690.0000,97720.0000,97690.0000,97690.0000
20180104,00:45:00,97690.0000,97730.0000,97670.0000,97720.0000
20180104,00:50:00,97730.0000,97900.0000,97720.0000,97740.0000
20180104,00:55:00,97750.0000,97830.0000,97720.0000,97790.0000
20180104,01:00:00,97790.0000,97790.0000,97790.0000,97790.0000
20180104,09:00:00,97850.0000,97950.0000,97690.0000,97790.0000
20180104,09:05:00,97780.0000,97960.0000,97760.0000,97940.0000
20180104,09:10:00,97930.0000,97990.0000,97840.0000,97850.0000
20180104,09:15:00,97850.0000,97890.0000,97570.0000,97690.0000
20180104,09:20:00,97690.0000,97740.0000,97610.0000,97720.0000
20180104,09:25:00,97720.0000,97730.0000,97530.0000,97530.0000
20180104,09:30:00,97530.0000,97660.0000,97530.0000,97590.0000
20180104,09:35:00,97590.0000,97720.0000,97550.0000,97680.0000
20180104,09:40:00,97680.0000,97810.0000,97650.0000,97740.0000
20180104,09:45:00,97740.0000,97780.0000,97680.0000,97740.0000
20180104,09:50:00,97740.0000,97840.0000,97700.0000,97800.0000
20180104,09:55:00,97790.0000,97930.0000,97770.0000,97920.0000
20180104,10:00:00,97930.0000,97940.0000,97780.0000,97810.0000
20180104,10:05:00,97810.0000,97890.0000,97810.0000,97860.0000
20180104,10:10:00,97860.0000,97880.0000,97770.0000,97770.0000
20180104,10:30:00,97770.0000,97880.0000,97730.0000,97790.0000
20180104,10:35:00,97790.0000,97850.0000,97690.0000,97830.0000
20180104,10:40:00,97830.0000,97850.0000,97780.0000,97830.0000
20180104,10:45:00,97820.0000,97930.0000,97770.0000,97790.0000
20180104,10:50:00,97790.0000,97790.0000,97650.0000,97760.0000
20180104,10:55:00,97760.0000,97770.0000,97620.0000,97630.0000
20180104,11:00:00,97640.0000,97740.0000,97620.0000,97700.0000
20180104,11:05:00,97700.0000,97720.0000,97620.0000,97670.0000
20180104,11:10:00,97670.0000,97670.0000,97520.0000,97560.0000
20180104,11:15:00,97560.0000,97680.0000,97500.0000,97570.0000
20180104,11:20:00,97570.0000,97690.0000,97540.0000,97690.0000
20180104,11:25:00,97690.0000,97820.0000,97550.0000,97560.0000
20180104,13:30:00,97580.0000,98200.0000,97410.0000,98140.0000
20180104,13:35:00,98150.0000,98500.0000,98150.0000,98450.0000
20180104,13:40:00,98450.0000,98520.0000,98380.0000,98440.0000
20180104,13:45:00,98430.0000,98560.0000,98360.0000,98490.0000
20180104,13:50:00,98490.0000,98580.0000,98450.0000,98490.0000
20180104,13:55:00,98500.0000,98890.0000,98500.0000,98820.0000
20180104,14:00:00,98820.0000,98820.0000,98640.0000,98730.0000
20180104,14:05:00,98730.0000,99010.0000,98670.0000,98950.0000
20180104,14:10:00,98950.0000,99030.0000,98850.0000,99010.0000
20180104,14:15:00,99010.0000,99040.0000,98900.0000,99020.0000
20180104,14:20:00,99010.0000,99020.0000,98890.0000,98950.0000
20180104,14:25:00,98940.0000,98950.0000,98850.0000,98950.0000
20180104,14:30:00,98930.0000,98950.0000,98810.0000,98940.0000
20180104,14:35:00,98940.0000,99020.0000,98860.0000,98970.0000
20180104,14:40:00,98970.0000,99090.0000,98970.0000,99020.0000
20180104,14:45:00,99020.0000,99110.0000,98960.0000,99010.0000
20180104,14:50:00,99010.0000,99020.0000,98950.0000,98990.0000
20180104,14:55:00,98990.0000,99200.0000,98960.0000,99170.0000
20180315,14:30:00,103040.0000,103050.0000,103040.0000,103050.0000
20180315,14:40:00,103210.0000,103250.0000,103200.0000,103250.0000
